625 4
agag -0.5346201 -0.4976374 -0.52224165 0.5059393
xaxx -0.5486784 -0.5302746 -0.4831137 0.5319196
aaac -0.5205406 -0.51419294 -0.51858705 0.5462881
cact -0.5123607 -0.52144635 -0.5166306 0.5176981
cxtt -0.5409986 -0.48975223 -0.49594107 0.5016454
ccga -0.5482354 -0.51739264 -0.47825 0.49948493
taac -0.5754999 -0.53443724 -0.48041153 0.5343798
xagc -0.49851784 -0.50294936 -0.5512087 0.5106591
axcc -0.47093523 -0.4824435 -0.5281241 0.533417
txgt -0.50482076 -0.5489376 -0.4861725 0.5107528
ttcx -0.5346786 -0.5155295 -0.5366264 0.5127355
gxcx -0.5431329 -0.55734825 -0.52274555 0.55254483
gccx -0.56060374 -0.49217346 -0.49861294 0.5395451
cagx -0.5438555 -0.48706675 -0.5341259 0.5627319
aacg -0.55664486 -0.47586283 -0.47202778 0.5194346
txxt -0.4893523 -0.56396115 -0.51673687 0.5350543
aaxx -0.5555361 -0.5072333 -0.52911174 0.54494435
gcac -0.5363384 -0.5173876 -0.5218226 0.5373436
aagg -0.5196721 -0.5065977 -0.48277634 0.5437035
cgxa -0.49267128 -0.55900645 -0.5002613 0.47204164
gxax -0.4835133 -0.552467 -0.48589933 0.55325186
xaat -0.54289836 -0.52972764 -0.56279695 0.52235633
tgxx -0.54554856 -0.554485 -0.5006534 0.5246929
tcag -0.5506504 -0.49922678 -0.51755255 0.5154331
tcta -0.49838492 -0.5195526 -0.487169 0.5561293
xxtc -0.49083528 -0.5176261 -0.54425627 0.5351437
ttax -0.53794175 -0.4894356 -0.51705474 0.505158
ttxt -0.49209258 -0.55191326 -0.5285229 0.5083529
xttg -0.5035065 -0.52705896 -0.5329615 0.5304377
aata -0.50616664 -0.52813166 -0.532018 0.5198609
txtt -0.50794965 -0.55524695 -0.5083425 0.54194885
cgta -0.5106646 -0.5101388 -0.5037342 0.56644905
tatg -0.53428406 -0.49780706 -0.51083434 0.5475731
ccag -0.5535914 -0.49667805 -0.4996997 0.5445932
xata -0.5366007 -0.5455911 -0.4678372 0.48870653
tgtg -0.5117547 -0.51934606 -0.4935457 0.5533584
agct -0.55221987 -0.5507071 -0.5033077 0.49155203
cttx -0.5218137 -0.47728583 -0.538477 0.5518912
xtxc -0.52213734 -0.5442212 -0.52736783 0.5388882
xcxc -0.5395002 -0.4837355 -0.536952 0.5078529
cxtc -0.47972617 -0.5354249 -0.5448852 0.4852666
xtxt -0.54120404 -0.5092849 -0.52293 0.50693387
agta -0.50568813 -0.48047587 -0.5468148 0.55797267
tccx -0.49681067 -0.5032403 -0.5229191 0.5079378
acgx -0.5159416 -0.5166439 -0.53037643 0.50523454
tcgg -0.5153337 -0.58869356 -0.5185839 0.5102977
gtcc -0.49358276 -0.513609 -0.46447268 0.51967955
ttgg -0.5130002 -0.5351792 -0.47282502 0.5355052
xtca -0.5371277 -0.5556129 -0.48057333 0.5454821
aaxa -0.5432344 -0.5324561 -0.46560076 0.5285047
taxt -0.49380383 -0.56747997 -0.5243153 0.49776068
ccxa -0.5092824 -0.50613153 -0.557526 0.52831507
ctcg -0.5564364 -0.5166693 -0.51200265 0.5049695
attt -0.47656846 -0.5205334 -0.5556489 0.5494251
gcat -0.52383685 -0.48558474 -0.50174296 0.5019041
agxa -0.55468106 -0.5015927 -0.5036116 0.52568704
cxgc -0.553417 -0.4609321 -0.4753991 0.5322186
axxt -0.55726653 -0.57388234 -0.5057545 0.51829374
xcgx -0.56803155 -0.55367637 -0.5304698 0.50143874
cgxc -0.49778345 -0.48165128 -0.48799863 0.522467
gaac -0.5793305 -0.519247 -0.54480785 0.5530316
cccx -0.51701903 -0.49647403 -0.48983932 0.5148679
gtcx -0.5438058 -0.51483554 -0.5331031 0.488139
gttt -0.5267936 -0.5025701 -0.54509956 0.5063449
cggc -0.49643996 -0.5187269 -0.5229429 0.4715874
tgax -0.5069227 -0.50964457 -0.5387514 0.51974666
gcgx -0.4817252 -0.488164 -0.49076912 0.45802787
ctcc -0.5139083 -0.44097963 -0.51801914 0.52771866
axat -0.54508835 -0.4943517 -0.5209806 0.51214224
gctc -0.493801 -0.5193906 -0.5367288 0.53231543
cxat -0.5785454 -0.47858882 -0.51544905 0.514557
cxgg -0.5156882 -0.5266605 -0.44537863 0.4979342
gtxx -0.53850496 -0.4895537 -0.5025381 0.53341556
agax -0.51029336 -0.50421005 -0.54547894 0.5579732
tacc -0.545428 -0.50833654 -0.4668777 0.4854586
gccc -0.50723517 -0.52232414 -0.4668917 0.5221528
xctt -0.4992666 -0.53981644 -0.55949044 0.54799753
atgt -0.5912692 -0.53483844 -0.5094333 0.49347687
gtaa -0.5199652 -0.5055295 -0.5089043 0.46447805
tagg -0.48808038 -0.5441089 -0.48881412 0.5194158
ctca -0.5105771 -0.48157382 -0.5550708 0.4894966
agcc -0.57431215 -0.47954646 -0.47828957 0.5595507
ctcx -0.4636111 -0.5354059 -0.5604082 0.5717561
gaxg -0.52578217 -0.5209966 -0.512071 0.48186955
xact -0.5699958 -0.56747544 -0.52597165 0.47694558
ctgx -0.53915656 -0.49823427 -0.49193963 0.5599195
aatg -0.54679203 -0.4759652 -0.5285998 0.5487828
aggc -0.5142042 -0.56166065 -0.50722957 0.48412627
agga -0.52407783 -0.5415864 -0.49057803 0.51910156
gccg -0.51032287 -0.47060663 -0.49231845 0.50597453
atcc -0.46464902 -0.49631807 -0.5216989 0.5278974
tgxg -0.49004507 -0.5124547 -0.52145517 0.52598286
ctgg -0.4989936 -0.48152885 -0.5645737 0.4945577
tgtt -0.5675636 -0.5185391 -0.4932304 0.47055358
tctt -0.53904617 -0.4930809 -0.5361608 0.5177469
atxg -0.51747835 -0.529745 -0.4819064 0.53467685
aggg -0.51335293 -0.5365722 -0.52841115 0.48875725
xtgg -0.53211075 -0.47433743 -0.5155247 0.5053558
gxtt -0.52999467 -0.4998317 -0.50953865 0.45139888
attc -0.5188583 -0.5579753 -0.50681454 0.48536608
ataa -0.49595538 -0.52966744 -0.47285774 0.54227626
xxaa -0.5092798 -0.53261966 -0.55323505 0.54401886
gggg -0.5250506 -0.56209785 -0.48612693 0.4871852
ggta -0.468279 -0.5344153 -0.52739006 0.49788573
tggx -0.5039124 -0.50650823 -0.5329731 0.50625837
tatx -0.58101463 -0.53574723 -0.5076244 0.56434923
axtt -0.500149 -0.58771014 -0.49959785 0.5239497
cgtx -0.53954643 -0.4975138 -0.48035282 0.5513425
gagx -0.54781526 -0.47682667 -0.5298709 0.56452835
ctgc -0.52420706 -0.5023999 -0.49151874 0.5517423
cagg -0.58195686 -0.52730477 -0.49881232 0.47869068
txga -0.50290376 -0.5028808 -0.5141522 0.5127659
axct -0.5118529 -0.48117176 -0.53956133 0.5326699
xttx -0.48099545 -0.49516287 -0.54837745 0.54762214
txgx -0.5160239 -0.5442274 -0.5801397 0.48620588
gaag -0.55579615 -0.5174005 -0.47334993 0.5235302
atgg -0.5254616 -0.5089138 -0.49271497 0.5129754
catg -0.47419256 -0.52202094 -0.49720198 0.5131065
acgc -0.5052123 -0.5186517 -0.4730391 0.5210365
ctta -0.51220757 -0.5646032 -0.51854265 0.5790235
ggga -0.48910114 -0.4975855 -0.49492228 0.49662456
ggxc -0.50299525 -0.4827528 -0.5411224 0.45271796
ggtg -0.5076568 -0.53807974 -0.5157187 0.52841055
aacx -0.5202303 -0.568662 -0.5515326 0.52175
ttaa -0.5417268 -0.49107212 -0.5256811 0.52672577
xgcg -0.46907544 -0.4960402 -0.49951583 0.47029126
gtgg -0.52952623 -0.54088235 -0.5340761 0.4814087
aact -0.5710882 -0.48664287 -0.5618942 0.48378536
agaa -0.52432585 -0.5194219 -0.506223 0.54184055
xxtx -0.54215777 -0.5519679 -0.49385348 0.49957895
gcgc -0.5401745 -0.49540874 -0.5122449 0.5217859
txac -0.57177216 -0.5647862 -0.5010612 0.48349556
tcac -0.4695379 -0.5558543 -0.53176785 0.55683523
taat -0.53654987 -0.55261403 -0.5145781 0.48846728
tagt -0.526357 -0.57222843 -0.51623917 0.5224279
xatt -0.5581365 -0.5220381 -0.51337457 0.4922553
ggcc -0.5526956 -0.50691843 -0.5570375 0.5411762
xcat -0.5184792 -0.541089 -0.53980714 0.5114542
aggt -0.5169741 -0.5353587 -0.4479128 0.5420961
gtxa -0.5388218 -0.5189267 -0.53521323 0.5159123
atxc -0.5586245 -0.48481822 -0.5092013 0.5758679
agxg -0.5694537 -0.5318553 -0.5031469 0.5204609
xtta -0.51048636 -0.50022286 -0.49905756 0.531918
xgxa -0.56343955 -0.5407119 -0.5162265 0.5354827
catc -0.48997515 -0.544512 -0.4870318 0.49942866
aaxt -0.47689784 -0.5295434 -0.5362103 0.5632919
xxct -0.5085862 -0.5179006 -0.53588504 0.51445204
tgag -0.5594991 -0.5158403 -0.49929282 0.49669564
acac -0.53986365 -0.4965786 -0.49238908 0.5751691
xtxg -0.5626884 -0.5263242 -0.53031236 0.5086042
gxcc -0.5211821 -0.52914184 -0.4965161 0.5269707
ctat -0.5443969 -0.47660258 -0.54858375 0.5180413
ctac -0.49375856 -0.49629378 -0.54472136 0.5065768
ccxt -0.5036255 -0.46592474 -0.4958474 0.49658528
ctxt -0.47793916 -0.53780586 -0.46219555 0.5411635
axtg -0.4962311 -0.49666324 -0.5481927 0.53443074
xatg -0.5172304 -0.53458047 -0.5412615 0.5259155
xtga -0.5207165 -0.52079743 -0.5268431 0.5045338
xtgt -0.5146897 -0.52072287 -0.5038148 0.5901587
attx -0.53026545 -0.48276505 -0.5646326 0.55067825
cgag -0.48527902 -0.5226127 -0.514895 0.5048362
cxga -0.50526255 -0.50995237 -0.5004125 0.5042269
ggcx -0.5094925 -0.5369666 -0.52480686 0.4896455
aagx -0.53068095 -0.51822495 -0.5510217 0.47027266
cxxx -0.52168876 -0.5390283 -0.5454407 0.50348103
acaa -0.5960684 -0.49953425 -0.5094094 0.5207615
xtxx -0.53805727 -0.49579272 -0.5407041 0.5182754
tgtc -0.48317197 -0.5192773 -0.50575876 0.5354214
tgxc -0.552554 -0.5058407 -0.4961616 0.4904012
gaca -0.49922064 -0.51248246 -0.5241804 0.52798223
xgcx -0.48463723 -0.51288146 -0.50059956 0.555883
gcaa -0.5610507 -0.4597571 -0.47835407 0.53963673
gxxt -0.49728817 -0.5238628 -0.5859705 0.5224904
acxa -0.53234744 -0.5634535 -0.5272077 0.4802594
caga -0.5270209 -0.5616345 -0.50181955 0.56133676
xtcg -0.49555838 -0.4777803 -0.48263252 0.54673505
taca -0.5274313 -0.45090932 -0.4987028 0.52910805
tgxa -0.50771314 -0.50616956 -0.4941909 0.5218909
gtxt -0.5239008 -0.5202186 -0.51826453 0.53165376
ttac -0.5561406 -0.49066505 -0.50309175 0.5353295
caxt -0.56450653 -0.53388906 -0.5481738 0.4921444
cxgt -0.5605186 -0.5562954 -0.5376497 0.5079467
xaag -0.46774766 -0.5437375 -0.5434981 0.51132214
gacx -0.52670383 -0.5354421 -0.48666844 0.56079674
ggat -0.50770056 -0.5524448 -0.5047284 0.51399153
cacc -0.47386762 -0.4717671 -0.5625227 0.5004843
agat -0.5387745 -0.4980586 -0.48343632 0.5358724
axta -0.51735145 -0.50256777 -0.5325997 0.59847665
axgc -0.51856667 -0.5455673 -0.56695825 0.53229064
taxx -0.5641026 -0.52956206 -0.5317118 0.4844257
gtgt -0.45865792 -0.5154453 -0.54463965 0.534314
xaxa -0.5980752 -0.48089424 -0.5642811 0.47859237
tcax -0.49907044 -0.5303289 -0.49779525 0.53391856
ccct -0.51186705 -0.49661517 -0.53660285 0.5231789
ttcc -0.48283884 -0.5327034 -0.47203884 0.49478018
xacc -0.4935179 -0.51623076 -0.51016253 0.51530427
ttxg -0.58140284 -0.50219446 -0.52428305 0.5935484
gaxx -0.4481053 -0.539609 -0.549933 0.5168248
tctg -0.5422138 -0.47744995 -0.5587096 0.4787195
aagt -0.49671856 -0.4706756 -0.53103477 0.54866153
xctg -0.5279684 -0.54861355 -0.53137195 0.48097998
xctx -0.48889834 -0.5332489 -0.499918 0.56128675
tctc -0.47784984 -0.53967345 -0.53231466 0.55464655
gtcg -0.5324307 -0.5094472 -0.4894077 0.47446665
cggt -0.55336547 -0.50478536 -0.49433315 0.5690001
acgg -0.58608 -0.5070426 -0.47570542 0.47784024
axtc -0.551711 -0.48101196 -0.47365567 0.56501615
gxga -0.5376236 -0.54863656 -0.5121918 0.48373428
xxax -0.56289655 -0.5896517 -0.52279717 0.50536287
xgxc -0.51100516 -0.5170589 -0.50371265 0.5279367
txca -0.5121821 -0.5106841 -0.5420346 0.5286673
caxx -0.5676384 -0.49443096 -0.56263477 0.5204236
gact -0.4932836 -0.5514824 -0.48872036 0.5281374
accx -0.51908064 -0.5393876 -0.46592513 0.5168314
cgcx -0.46390018 -0.45573795 -0.51655895 0.5423887
tgaa -0.491779 -0.52073205 -0.5292454 0.52985996
xxat -0.49344832 -0.55916965 -0.5332642 0.53080904
tgat -0.5090122 -0.51563513 -0.5086532 0.5285946
ggax -0.48674744 -0.48609036 -0.5100852 0.55794656
txct -0.5395354 -0.51497453 -0.5451581 0.48218137
ctaa -0.5014805 -0.52487284 -0.50691825 0.47377124
cacx -0.5473585 -0.48582593 -0.4910325 0.51932764
ggca -0.52441263 -0.48504397 -0.47821334 0.5370169
ccaa -0.5161407 -0.5309231 -0.5667544 0.5089764
taag -0.5521064 -0.52757156 -0.51192635 0.51632917
xaaa -0.5572726 -0.55038166 -0.48300624 0.5530119
xtct -0.55790424 -0.5262969 -0.5199649 0.49353513
tatc -0.52871895 -0.46383938 -0.50222117 0.53887874
ttxx -0.4907468 -0.50614095 -0.5598749 0.518971
txgg -0.501171 -0.5619189 -0.4859302 0.48461223
ccxc -0.55934006 -0.5387324 -0.4632968 0.5204778
gggx -0.4405388 -0.5115024 -0.48225638 0.50632626
ttxc -0.4887047 -0.5404206 -0.5205131 0.56845206
axac -0.46368766 -0.5343958 -0.56238586 0.5058201
gcga -0.49740782 -0.5512778 -0.5279603 0.48611417
acgt -0.5401611 -0.48619032 -0.49596563 0.5666857
axcx -0.5050588 -0.5543415 -0.5049891 0.54391223
axtx -0.5788642 -0.550501 -0.49311998 0.5400698
xcga -0.47049874 -0.51754034 -0.505275 0.53970414
taga -0.5522182 -0.51971865 -0.4604609 0.545017
cgcc -0.52208555 -0.5486177 -0.5132043 0.4951819
actx -0.5140108 -0.5446832 -0.52016324 0.5336941
axca -0.5783139 -0.53339976 -0.5040061 0.49567124
tccc -0.49337894 -0.5223695 -0.53296304 0.5179881
tgga -0.54017156 -0.5139254 -0.507538 0.49319386
gctg -0.5329526 -0.4633744 -0.5007253 0.44717917
gxag -0.5743153 -0.5598309 -0.50408274 0.5063937
ttgc -0.5610459 -0.48251355 -0.49031305 0.48132408
acxt -0.53815794 -0.47475672 -0.47461748 0.5188285
txax -0.53963953 -0.53819585 -0.5069449 0.5426607
tgxt -0.5061354 -0.50918293 -0.5188689 0.4995879
cgac -0.47734034 -0.54946333 -0.47700742 0.5579938
gxtg -0.5408471 -0.4890049 -0.514622 0.49975744
xagg -0.56379604 -0.5419802 -0.46778214 0.512899
gcxc -0.5494051 -0.547774 -0.5172923 0.4870149
cctg -0.5322198 -0.52069986 -0.52933025 0.44646862
cgca -0.5652986 -0.51136696 -0.45703205 0.53760546
caxc -0.57388103 -0.46406972 -0.50320023 0.5500338
tcgx -0.57352024 -0.49086866 -0.5073344 0.49657091
gaxt -0.5192497 -0.557623 -0.52785593 0.52779275
axxc -0.5082384 -0.4845844 -0.54381233 0.5555782
axgx -0.48978433 -0.5299412 -0.46128336 0.5023807
taxg -0.5259394 -0.48908052 -0.54423213 0.54358613
ttgt -0.52232385 -0.4792856 -0.51093227 0.5366862
caat -0.5426305 -0.52789 -0.4744254 0.529935
ggxx -0.50261307 -0.55811536 -0.5249415 0.5644933
cxcc -0.56024706 -0.5393932 -0.48955986 0.5284684
xgtt -0.50399405 -0.51606286 -0.5061821 0.5427145
tcxg -0.52326995 -0.5051985 -0.49927795 0.5058173
tagx -0.5447062 -0.4997048 -0.53461665 0.5007065
txat -0.49241304 -0.5542831 -0.4903297 0.52336586
cacg -0.47541088 -0.51669174 -0.54933685 0.5061545
gtat -0.5355262 -0.53336036 -0.5078073 0.5408058
gagc -0.5525986 -0.48089257 -0.4761658 0.5338686
xgtg -0.5498154 -0.50079405 -0.500083 0.50198764
attg -0.507888 -0.55826396 -0.53041214 0.501697
acct -0.56175107 -0.49396145 -0.5031946 0.51519567
axgg -0.5572127 -0.5141276 -0.46428847 0.51286
aagc -0.5163704 -0.55278766 -0.5017574 0.52413064
tgcc -0.54089063 -0.4674507 -0.5401985 0.5672799
ccxx -0.50713766 -0.5064164 -0.51455605 0.5589602
agac -0.4704117 -0.5010502 -0.508139 0.53439194
ggtx -0.5253668 -0.55031717 -0.4916154 0.48459038
gatc -0.56130296 -0.5558257 -0.48708695 0.5012305
xxxt -0.5286137 -0.53865284 -0.4950462 0.53392607
txxa -0.5596168 -0.5131285 -0.49966997 0.523197
cccc -0.5585662 -0.46577907 -0.5194592 0.47160155
tcct -0.53895664 -0.4738652 -0.4919801 0.4852552
tgct -0.537261 -0.48237485 -0.4939656 0.5020828
gxxg -0.5515488 -0.5589197 -0.48239914 0.50371015
cgxt -0.5633038 -0.52724576 -0.50202304 0.4713223
ctag -0.4754582 -0.5166986 -0.5459536 0.51373976
ggcg -0.5121921 -0.46103886 -0.54652756 0.5080525
xaxg -0.53347564 -0.51722574 -0.52778614 0.53408504
agtt -0.55338424 -0.4821872 -0.506423 0.5227577
cgcg -0.46786264 -0.52064186 -0.4498201 0.431693
ggac -0.53616387 -0.4860676 -0.4953947 0.5696753
axxa -0.54912025 -0.48067456 -0.536174 0.573659
txag -0.5150411 -0.59637356 -0.5178189 0.5451489
cttg -0.5101195 -0.51893026 -0.4980973 0.5677264
xagx -0.509636 -0.4940877 -0.58116883 0.54672474
gcct -0.54825646 -0.485336 -0.5081167 0.5189157
atac -0.4856099 -0.5192218 -0.5335975 0.48185626
tacx -0.5540314 -0.47342643 -0.5286791 0.5271211
ccac -0.55286455 -0.48697558 -0.5068471 0.49570945
aaga -0.5033288 -0.47935775 -0.52146083 0.5326937
caca -0.47902015 -0.549494 -0.4990373 0.52187735
ccgg -0.48033568 -0.52378654 -0.50349647 0.50776464
agcg -0.5450163 -0.46964648 -0.5408541 0.5222132
xgtx -0.5463396 -0.5037162 -0.52875745 0.5524475
gttg -0.53210104 -0.514853 -0.4669344 0.48412097
cgaa -0.5433336 -0.5266629 -0.5076076 0.4763124
actt -0.5246487 -0.5186529 -0.48745993 0.5031463
cata -0.55789274 -0.5442726 -0.46506777 0.48562616
gtax -0.58968955 -0.49336454 -0.48658696 0.5105002
tcgc -0.5403817 -0.5393249 -0.47978768 0.5398035
atta -0.51386064 -0.5384368 -0.5251917 0.49388582
ctxa -0.52420926 -0.52168417 -0.5199915 0.481061
ctax -0.5180428 -0.526675 -0.5344324 0.48981494
gctx -0.466689 -0.5178443 -0.54594266 0.52946335
txcx -0.54075384 -0.5317453 -0.5536718 0.47514054
agcx -0.5067153 -0.5277794 -0.502573 0.54879594
gtga -0.5259489 -0.4654575 -0.52392423 0.52427095
xggx -0.52206784 -0.5580359 -0.47381127 0.55648845
tgca -0.54184604 -0.51592827 -0.527158 0.49745092
xccc -0.4952414 -0.49239615 -0.4228554 0.48333147
ccgx -0.53211915 -0.51736313 -0.5032657 0.5215444
tttc -0.50404304 -0.479769 -0.46470076 0.53661805
acxg -0.46971655 -0.5296458 -0.4815078 0.55707276
gacc -0.52087146 -0.4828645 -0.5405937 0.5499566
xtcx -0.51835746 -0.53888613 -0.5369532 0.5166117
xcxx -0.52517635 -0.5356684 -0.47822058 0.56267935
xgxx -0.51322544 -0.49998832 -0.5531008 0.4705767
tcxc -0.54516566 -0.54414994 -0.51221955 0.53522885
tggc -0.49536735 -0.5288981 -0.504438 0.4663657
aatc -0.51826143 -0.4852155 -0.54065615 0.5154397
tcxt -0.5146235 -0.46928796 -0.515955 0.57153654
cctt -0.48832074 -0.5062415 -0.49878773 0.5462668
acca -0.48929685 -0.5707782 -0.5054063 0.4870879
cccg -0.5511831 -0.50176954 -0.48680887 0.45318392
xgxt -0.5230839 -0.57642466 -0.53767025 0.4789735
gata -0.5268456 -0.5305562 -0.49303463 0.46770218
agtc -0.4589347 -0.5068217 -0.5429949 0.5117955
txtx -0.5804485 -0.5322938 -0.48883775 0.551713
xxgt -0.47976223 -0.4685154 -0.54537636 0.5670237
xxgc -0.5476158 -0.5275568 -0.49976024 0.49615592
xxcg -0.5305062 -0.5229994 -0.5163473 0.51384294
cxxt -0.47768694 -0.55593675 -0.49938577 0.50042033
tgcx -0.5079288 -0.5575512 -0.51044774 0.5016149
xaga -0.52955973 -0.5672609 -0.5121803 0.4916685
atca -0.49650484 -0.48575383 -0.53863 0.50990325
ccax -0.48848528 -0.5137501 -0.54202795 0.52313995
tctx -0.56839013 -0.4820101 -0.5450195 0.48421615
ttca -0.53353506 -0.49377325 -0.5539099 0.49943933
ggag -0.5370407 -0.49500665 -0.48833066 0.571263
acat -0.5878564 -0.49021596 -0.54278517 0.5003402
txtg -0.5209706 -0.5527275 -0.53254986 0.47353917
xcgg -0.48810327 -0.46473232 -0.46172598 0.5625655
gcgg -0.4681854 -0.45145822 -0.5391522 0.54903746
gcxt -0.5228634 -0.54682916 -0.5065867 0.50601965
gxgg -0.54448 -0.49647358 -0.5175412 0.4699949
gcxa -0.47862598 -0.4898684 -0.5417348 0.5037335
aaxc -0.564768 -0.48822117 -0.55980444 0.53421324
ctxc -0.5053686 -0.47085643 -0.53555435 0.56652033
cxcx -0.5428513 -0.52870756 -0.5450458 0.5308367
tgcg -0.52728564 -0.53386265 -0.4823119 0.49713352
xgta -0.5437125 -0.5179814 -0.5351279 0.5019712
ccat -0.48426422 -0.5169068 -0.46159828 0.53308415
ggxg -0.5569394 -0.4999374 -0.48241866 0.5110904
ggxa -0.5331705 -0.54682565 -0.5326649 0.50640726
aacc -0.5543613 -0.5375655 -0.52032703 0.47704047
xggc -0.50910896 -0.56085926 -0.52846557 0.50494415
xaxt -0.5830228 -0.49419516 -0.5458005 0.53370035
cxxg -0.49849817 -0.5382718 -0.5616064 0.5059591
accg -0.47850713 -0.51139647 -0.5231775 0.51342505
agtg -0.5270295 -0.5218112 -0.47910166 0.5398052
xtcc -0.5488682 -0.534398 -0.4729279 0.55359685
gxtc -0.5414562 -0.48643312 -0.4638899 0.5465063
ccxg -0.5385544 -0.45984662 -0.50955313 0.5104573
gtag -0.5276116 -0.5162022 -0.49731407 0.50708276
tata -0.48382506 -0.5446065 -0.4757812 0.5664478
cxxc -0.5586172 -0.5303612 -0.50487065 0.50134087
aaxg -0.5004228 -0.47887808 -0.57668585 0.5699883
axcg -0.51483 -0.4722029 -0.5251883 0.5266892
axaa -0.5010471 -0.5392172 -0.58084685 0.4981612
atxx -0.49991512 -0.50018597 -0.5268774 0.55703974
ctxg -0.53154075 -0.5411105 -0.4964433 0.54281354
tggt -0.52070826 -0.48817623 -0.4815422 0.54104865
gttx -0.54092544 -0.45876217 -0.5359305 0.534321
ttat -0.5375339 -0.49999315 -0.5187669 0.5513434
tagc -0.46928075 -0.52241606 -0.5247613 0.5088923
agxc -0.55492014 -0.54109156 -0.5302066 0.45966
atcg -0.46553478 -0.51569426 -0.5297757 0.47165796
gagt -0.50938493 -0.49805346 -0.5428004 0.48783824
taaa -0.5418925 -0.4754998 -0.54159695 0.55849
xaac -0.52887493 -0.5790681 -0.5341771 0.49163738
ggtt -0.5334746 -0.53318405 -0.55240995 0.48462337
acxc -0.5497257 -0.48737058 -0.48453814 0.48726577
cggg -0.51351535 -0.50016654 -0.51277286 0.4674228
gcag -0.4824001 -0.4892062 -0.4983342 0.5581406
cgtt -0.4616731 -0.49835938 -0.51676434 0.56652254
ggtc -0.54719657 -0.5001208 -0.46444774 0.4565547
cxag -0.5747751 -0.4738015 -0.48894665 0.4958483
txaa -0.50211656 -0.5472816 -0.50837255 0.5627064
gcxx -0.5376922 -0.5012948 -0.51646286 0.5532653
xcaa -0.50873595 -0.5535576 -0.5181959 0.5115624
gaxa -0.5650405 -0.5173879 -0.51025546 0.50834644
gxgt -0.52343124 -0.50413924 -0.51707447 0.51256233
tgta -0.46414444 -0.5497966 -0.53726745 0.50366503
acag -0.55184543 -0.5267926 -0.55214554 0.47204986
gxct -0.5253775 -0.4741476 -0.5020262 0.5738368
aaat -0.4926191 -0.50282156 -0.5279326 0.543091
cxaa -0.5529275 -0.54292697 -0.50577974 0.56886935
acta -0.5029137 -0.52667004 -0.5003654 0.5233124
ctct -0.51667535 -0.5096963 -0.50155663 0.5725927
gatg -0.5297552 -0.49695393 -0.519445 0.51900566
aaag -0.5078039 -0.49335364 -0.5178268 0.59077865
tttx -0.53885037 -0.5271192 -0.48911518 0.5644257
xcxg -0.5300963 -0.5390126 -0.52353954 0.480375
aaaa -0.4687249 -0.51015735 -0.52569187 0.5445147
cgtg -0.49639866 -0.51507556 -0.4969383 0.55738556
gtxc -0.5494647 -0.474932 -0.54699385 0.47662938
cctx -0.53436565 -0.48793656 -0.5118036 0.4841724
txgc -0.48562208 -0.54317874 -0.48576674 0.5180476
gxxa -0.55291265 -0.4906328 -0.525424 0.5360163
ccca -0.50192076 -0.5067926 -0.5081712 0.5481974
cxtg -0.5361994 -0.54320824 -0.5498051 0.48873168
gggc -0.49033967 -0.53486544 -0.54510313 0.55549306
xxtt -0.54276246 -0.5391853 -0.51117873 0.54924333
gatx -0.5528935 -0.46210468 -0.47317418 0.5429242
gtgx -0.51496714 -0.49911422 -0.511493 0.5041543
gxat -0.5493202 -0.5298507 -0.50363237 0.50995165
acax -0.5199618 -0.52248573 -0.46978185 0.5368053
xtag -0.5244622 -0.4868513 -0.4874112 0.5061471
gaxc -0.5077524 -0.544112 -0.5098844 0.45645875
xgtc -0.5373647 -0.52906436 -0.507841 0.5615677
axxg -0.5221422 -0.5728268 -0.49532378 0.5132997
ttag -0.59502774 -0.5532692 -0.46525934 0.48649976
taxc -0.5804931 -0.47596502 -0.53606844 0.52217126
xtxa -0.48981392 -0.49134544 -0.5180149 0.5695103
xxxx -0.6332586 -0.5902851 -0.61152464 0.5153363
ccta -0.53925323 -0.48678923 -0.5528679 0.5162735
atcx -0.5555359 -0.4951329 -0.490335 0.51825285
ttta -0.5375033 -0.4966697 -0.51681733 0.5405422
gxgc -0.53179413 -0.49490678 -0.48843864 0.51720893
tcaa -0.4846904 -0.5135502 -0.5082884 0.551021
tcxa -0.527452 -0.52287376 -0.45355737 0.5189679
xtaa -0.51511645 -0.47498205 -0.55116856 0.54639727
xtgc -0.60044587 -0.5130095 -0.507695 0.51877064
tact -0.52285916 -0.48493677 -0.5218197 0.56610984
atxt -0.5284495 -0.53146607 -0.4970707 0.5398907
gctt -0.541099 -0.53016585 -0.5261249 0.48412982
xcxt -0.51327246 -0.5204695 -0.5356868 0.5441471
xggt -0.5116044 -0.5480273 -0.5065894 0.505032
tccg -0.49792582 -0.53678155 -0.5049225 0.500148
tcat -0.5157722 -0.58706766 -0.49023697 0.54241216
agxx -0.5002964 -0.5310283 -0.5324588 0.52273923
cgga -0.48447073 -0.49719694 -0.49900663 0.53237337
gtac -0.45763287 -0.51503015 -0.53154546 0.48304754
ggxt -0.5132532 -0.48485345 -0.5682215 0.5043136
ctxx -0.5568682 -0.52186376 -0.50928855 0.5531422
atgc -0.54680896 -0.45510802 -0.5267755 0.5234593
xxag -0.5048126 -0.5466569 -0.5713981 0.47980085
tcgt -0.465166 -0.5150478 -0.55810523 0.547864
caac -0.52664006 -0.5101213 -0.52100766 0.520224
gtca -0.50135946 -0.50083226 -0.4693562 0.543407
xgca -0.5454223 -0.45413786 -0.545166 0.49380362
catt -0.5260977 -0.5434484 -0.48571646 0.511198
xtat -0.48293245 -0.4999379 -0.4972136 0.5239518
gcxg -0.51500094 -0.47724485 -0.5309841 0.5120568
cxxa -0.5226305 -0.514642 -0.56376415 0.55275035
gxta -0.53209186 -0.5276945 -0.4850323 0.53119767
cggx -0.50995773 -0.48546445 -0.54076266 0.43869784
xaax -0.53873134 -0.5142066 -0.5561934 0.5211186
ggct -0.46230447 -0.50488377 -0.5392814 0.5362215
cxta -0.51703954 -0.57248265 -0.47349116 0.51341057
cxac -0.519959 -0.5149672 -0.48821336 0.5446769
cagc -0.56314135 -0.51471883 -0.49645203 0.49253982
actc -0.48053595 -0.5010948 -0.5058969 0.49843472
xggg -0.5045781 -0.46513054 -0.5222112 0.47457007
xcgt -0.5031829 -0.55794275 -0.5269339 0.53855
cgat -0.518427 -0.5382404 -0.499176 0.5657309
gatt -0.49225947 -0.47769308 -0.53943044 0.57106197
xgat -0.528207 -0.53983825 -0.46396944 0.53322256
axga -0.51825005 -0.54110557 -0.5031571 0.5026964
gaat -0.486767 -0.518294 -0.5026527 0.5268655
cxct -0.5470013 -0.51708865 -0.5155808 0.521508
atct -0.46833235 -0.5434715 -0.53944975 0.47526443
xxac -0.5210109 -0.5134023 -0.47428247 0.5496409
xcag -0.5329483 -0.5362119 -0.5035822 0.51970685
caxa -0.49097478 -0.5587592 -0.5268593 0.56123304
xxxa -0.55052793 -0.50719947 -0.56099415 0.5349477
gtta -0.52725077 -0.49631065 -0.47474566 0.5513921
acga -0.5142005 -0.5271608 -0.5021941 0.5507318
xgax -0.5059786 -0.5325892 -0.5249154 0.56846994
tcca -0.55188465 -0.46817312 -0.56669146 0.50589
xccx -0.58005214 -0.4543616 -0.5228984 0.55741584
caag -0.5376803 -0.5699454 -0.52309144 0.49286652
tcga -0.5308763 -0.5256841 -0.58659244 0.50696504
gcax -0.54347 -0.57076186 -0.5014095 0.56678635
gxaa -0.5402076 -0.4954765 -0.5618379 0.51518655
cgct -0.5074523 -0.46934253 -0.50176865 0.54201156
tcxx -0.5287801 -0.5155109 -0.46582782 0.5461971
cttt -0.5189079 -0.50289696 -0.5240009 0.53309137
accc -0.5359978 -0.4924976 -0.53989106 0.5168643
agxt -0.50875795 -0.49018234 -0.5552635 0.50541145
gxxx -0.52864456 -0.550691 -0.5354569 0.53583825
axax -0.5355733 -0.525601 -0.53301245 0.5216167
txxx -0.5026643 -0.5675152 -0.5576541 0.50327754
gxtx -0.5399822 -0.5140422 -0.49595428 0.5790152
catx -0.5722513 -0.44505697 -0.54367507 0.53519267
gaaa -0.53441155 -0.48837137 -0.50249624 0.53377205
xxgx -0.55258447 -0.50533086 -0.5356562 0.5373125
aatt -0.50809383 -0.53210527 -0.47900614 0.5551662
tatt -0.48890993 -0.52942723 -0.5039047 0.52986896
axxx -0.5185497 -0.53004336 -0.5295192 0.5484564
aaax -0.57184845 -0.5660167 -0.50237 0.54021287
ccgt -0.5447174 -0.49874085 -0.5222907 0.48616993
ttcg -0.4991288 -0.52368677 -0.5192833 0.48294395
xxcx -0.5565952 -0.4945968 -0.5180005 0.55187565
xgxg -0.47676823 -0.51263875 -0.5588458 0.5664291
cgxx -0.5535516 -0.51535726 -0.47047308 0.5321695
xgag -0.5245659 -0.49910715 -0.5557677 0.5729439
caxg -0.5447918 -0.49985167 -0.4998712 0.5171623
xacg -0.5803954 -0.47227693 -0.5689867 0.51599044
tgac -0.5064456 -0.50005114 -0.49942878 0.5214788
xttt -0.5159955 -0.55589086 -0.4606724 0.53178674
cgtc -0.5613521 -0.5004099 -0.47542423 0.534419
xaxc -0.5894863 -0.5875759 -0.50370777 0.56767094
agtx -0.57285315 -0.4688794 -0.5440002 0.5129285
gttc -0.5267418 -0.51402485 -0.5370917 0.564282
gtgc -0.4957707 -0.49395993 -0.5000656 0.5119119
caax -0.5543069 -0.4897521 -0.54528135 0.5453439
cttc -0.47944134 -0.5228729 -0.55282956 0.5684016
xatx -0.5602426 -0.51502913 -0.55151945 0.5293205
agca -0.4908311 -0.5131715 -0.49418017 0.51730996
gxac -0.47674423 -0.5360393 -0.5669714 0.5637346
gaax -0.50775373 -0.5261433 -0.5156837 0.5782477
gaga -0.53571236 -0.48769832 -0.5203155 0.5715944
tttg -0.5582178 -0.49647808 -0.5311535 0.50440717
ctga -0.5145447 -0.5151332 -0.5218669 0.4641201
xccg -0.46883935 -0.5376948 -0.4655239 0.53665835
taax -0.5186973 -0.48975357 -0.5685768 0.5527956
axag -0.52251774 -0.5166816 -0.49691412 0.53695154
gcta -0.46218598 -0.49222323 -0.56173766 0.5199391
txtc -0.52161336 -0.48845175 -0.5410929 0.57839215
gagg -0.4787075 -0.47877815 -0.53614736 0.5528795
gtxg -0.5017309 -0.50526655 -0.57840663 0.5121091
xtax -0.53915554 -0.4895548 -0.5329561 0.5325598
aggx -0.50006473 -0.5548853 -0.4764889 0.5523299
ctgt -0.53501034 -0.5264316 -0.48848736 0.5275278
gxca -0.5480916 -0.5020692 -0.539941 0.49257427
aatx -0.5277602 -0.46784362 -0.52025956 0.5492045
atgx -0.56530786 -0.4689485 -0.5387323 0.4948672
txxc -0.45664525 -0.5251881 -0.50520074 0.5363059
cxcg -0.4886036 -0.54911286 -0.48487395 0.5330968
xxta -0.5216011 -0.51071995 -0.54428583 0.5029208
xatc -0.540652 -0.5218537 -0.45871407 0.55454415
cxtx -0.5292491 -0.5462863 -0.4873704 0.55105036
xxca -0.46111038 -0.53018886 -0.5506414 0.52807945
ttct -0.5128012 -0.51621747 -0.51782084 0.5632234
cgax -0.51309925 -0.4905251 -0.5258577 0.53365487
tacg -0.4729363 -0.5379954 -0.50866103 0.5570589
xgaa -0.549317 -0.47080988 -0.55939716 0.49924558
atat -0.51617956 -0.55031526 -0.51036376 0.53113735
gxgx -0.50039047 -0.5475412 -0.5003299 0.55078304
txcc -0.50277853 -0.5078681 -0.5318076 0.5326533
tggg -0.5758762 -0.5207808 -0.4744222 0.4759787
cagt -0.5209389 -0.50845516 -0.5028622 0.52416277
atxa -0.48624521 -0.53616625 -0.5055162 0.52487946
xxxc -0.5442293 -0.5454311 -0.53568316 0.4925361
gcca -0.49252436 -0.48722324 -0.5291867 0.5046364
xttc -0.48924294 -0.47733518 -0.5322295 0.58005077
cctc -0.5740074 -0.4593446 -0.5149471 0.48331675
atag -0.5360168 -0.5286928 -0.4924654 0.5410941
ttgx -0.47261813 -0.5142693 -0.53899753 0.52389216
gcgt -0.5419694 -0.4719611 -0.53851014 0.51987123
xxxg -0.5073927 -0.5211648 -0.48712793 0.57348835
ggaa -0.5129592 -0.48315072 -0.53096396 0.55128294
xxtg -0.5523662 -0.53381306 -0.5181383 0.5075701
txxg -0.49613926 -0.5407406 -0.49060994 0.5343487
xcax -0.5441295 -0.4613295 -0.51457816 0.5403905
xgga -0.5543803 -0.5591847 -0.47569376 0.48681468
cgxg -0.5071349 -0.43361259 -0.49992839 0.538501
xcac -0.52984196 -0.51551867 -0.5151946 0.5247936
xcca -0.53749996 -0.4856186 -0.53313965 0.52256525
cxgx -0.5682823 -0.47701785 -0.49963936 0.52745086
aaca -0.50470465 -0.539719 -0.4722252 0.57012236
caaa -0.5012155 -0.5519906 -0.5053836 0.5619774
gtct -0.50701594 -0.47011045 -0.49826133 0.5469017
ttga -0.5023221 -0.510791 -0.54695165 0.55276895
xcta -0.48882473 -0.47499707 -0.55859804 0.55166084
xctc -0.50684774 -0.54098845 -0.50562584 0.5096109
xcct -0.53008014 -0.494547 -0.49041554 0.5823943
gggt -0.5477147 -0.5221413 -0.46215263 0.4684517
xtgx -0.5093454 -0.4883633 -0.47104117 0.5696971
taxa -0.57425714 -0.50216556 -0.46780404 0.4979256
gacg -0.5314074 -0.4769107 -0.5460092 0.5375436
xxcc -0.51574343 -0.48385462 -0.52852106 0.5408693
axgt -0.5033083 -0.5070273 -0.51894194 0.50713557
xcgc -0.5086183 -0.5204073 -0.4911893 0.56364155
xcxa -0.52613986 -0.54122275 -0.56220955 0.4967795
ttxa -0.48916468 -0.5372379 -0.57060105 0.550816
xgac -0.586281 -0.550657 -0.50662124 0.4995331
txcg -0.5211455 -0.46309343 -0.516541 0.504185
cxax -0.50098264 -0.50934047 -0.5450816 0.54911107
txta -0.5379929 -0.48764816 -0.52240086 0.5456879
xtac -0.51519287 -0.4923995 -0.50415695 0.57225305
tgtx -0.5946652 -0.52359694 -0.5135678 0.5435746
xacx -0.54943275 -0.5003428 -0.530361 0.5089757
xaca -0.5751346 -0.48272982 -0.51862305 0.5687866
atax -0.5480287 -0.5407348 -0.5047386 0.57840776
tttt -0.53373057 -0.5176843 -0.49555206 0.5448542
xxgg -0.5761637 -0.5395686 -0.5268997 0.4860586
actg -0.5337464 -0.5137063 -0.4911421 0.47074056
acxx -0.47734708 -0.47236982 -0.51432925 0.56878
ccgc -0.489521 -0.46623692 -0.480942 0.5680678
xxga -0.5621498 -0.51549476 -0.5267177 0.5370016
gxcg -0.49463692 -0.48901755 -0.5235806 0.5486311
xagt -0.5250388 -0.5015095 -0.532283 0.46948156
gxxc -0.53504527 -0.50458246 -0.49921164 0.49543867
xgct -0.5261411 -0.51997036 -0.50453633 0.5392372
atga -0.507428 -0.5110587 -0.51591146 0.5256399
cxca -0.5321846 -0.49624705 -0.49339032 0.55047554
xgcc -0.50391996 -0.522498 -0.48993286 0.48505855
